[49m    [38;2;0;0;0;49m▄[38;2;118;45;215;48;2;0;0;0m▄▄▄▄▄▄[38;2;0;0;0;49m▄[49m [38;2;0;0;0;49m▄▄▄▄[49m    [m
[49m  [38;2;0;0;0;49m▄[38;2;118;45;215;48;2;0;0;0m▄[38;2;175;98;241;48;2;118;45;215m▄[48;2;175;98;241m [38;2;231;141;247;48;2;175;98;241m▄▄▄[48;2;175;98;241m [38;2;175;98;241;48;2;118;45;215m▄[48;2;118;45;215m [38;2;118;45;215;48;2;0;0;0m▄[48;2;118;45;215m [38;2;175;98;241;48;2;118;45;215m▄▄[48;2;118;45;215m [38;2;118;45;215;48;2;0;0;0m▄[38;2;0;0;0;49m▄[49m  [m
[49m [38;2;0;0;0;49m▄[38;2;118;45;215;48;2;0;0;0m▄[48;2;118;45;215m [48;2;175;98;241m [38;2;175;98;241;48;2;231;141;247m▄▄▄▄[48;2;231;141;247m [38;2;231;141;247;48;2;175;98;241m▄[48;2;175;98;241m [38;2;175;98;241;48;2;118;45;215m▄[48;2;175;98;241m [48;2;231;141;247m [38;2;175;98;241;48;2;231;141;247m▄[48;2;175;98;241m [48;2;118;45;215m [48;2;0;0;0m [49m  [m
[48;2;0;0;0m [48;2;118;45;215m  [38;2;59;15;117;48;2;118;45;215m▄[48;2;118;45;215m [38;2;118;45;215;48;2;175;98;241m▄[48;2;175;98;241m    [38;2;175;98;241;48;2;231;141;247m▄[48;2;175;98;241m [38;2;118;45;215;48;2;175;98;241m▄[48;2;175;98;241m   [38;2;118;45;215;48;2;175;98;241m▄[48;2;118;45;215m  [38;2;118;45;215;48;2;0;0;0m▄[38;2;0;0;0;49m▄[m
[38;2;0;0;0;49m▄[38;2;118;45;215;48;2;0;0;0m▄[38;2;59;15;117;48;2;118;45;215m▄[48;2;118;45;215m [38;2;118;45;215;48;2;59;15;117m▄[38;2;0;0;0;48;2;118;45;215m▄▄▄[38;2;118;45;215;48;2;175;98;241m▄▄▄[38;2;0;0;0;48;2;118;45;215m▄[38;2;221;154;99;48;2;0;0;0m▄[38;2;0;0;0;48;2;118;45;215m▄▄[48;2;118;45;215m  [38;2;59;15;117;48;2;118;45;215m▄[38;2;118;45;215;48;2;59;15;117m▄[48;2;118;45;215m [48;2;0;0;0m [m
[49;38;2;0;0;0m▀[38;2;0;0;0;48;2;118;45;215m▄[48;2;118;45;215m [38;2;0;0;0;48;2;118;45;215m▄[38;2;221;154;99;48;2;0;0;0m▄[48;2;221;154;99m [38;2;254;192;141;48;2;221;154;99m▄[38;2;0;0;0;48;2;221;154;99m▄[38;2;221;154;99;48;2;0;0;0m▄▄▄[38;2;254;192;141;48;2;221;154;99m▄[48;2;254;192;141m [38;2;0;0;0;48;2;221;154;99m▄[38;2;254;192;141;48;2;221;154;99m▄[38;2;221;154;99;48;2;0;0;0m▄▄[38;2;0;0;0;48;2;118;45;215m▄[48;2;118;45;215m [38;2;0;0;0;48;2;118;45;215m▄[49;38;2;0;0;0m▀[m
[49m [38;2;0;0;0;49m▄[38;2;254;192;141;48;2;0;0;0m▄[38;2;0;0;0;48;2;254;192;141m▄[48;2;0;0;0m [48;2;221;154;99m [38;2;255;225;200;48;2;254;192;141m▄[38;2;251;155;122;48;2;0;0;0m▄[48;2;254;192;141m [38;2;251;155;122;48;2;254;192;141m▄[38;2;255;225;200;48;2;254;192;141m▄[38;2;251;155;122;48;2;254;192;141m▄[48;2;254;192;141m [38;2;251;155;122;48;2;0;0;0m▄[38;2;255;225;200;48;2;254;192;141m▄[48;2;221;154;99m [48;2;0;0;0m [38;2;0;0;0;48;2;254;192;141m▄[38;2;254;192;141;48;2;0;0;0m▄[38;2;0;0;0;49m▄[49m [m
[48;2;0;0;0m [48;2;254;192;141m [38;2;251;155;122;48;2;0;0;0m▄[38;2;221;154;99;48;2;251;155;122m▄[48;2;0;0;0m [48;2;221;154;99m [48;2;254;192;141m [38;2;0;0;0;48;2;254;192;141m▄[48;2;254;192;141m [38;2;254;192;141;48;2;0;0;0m▄[38;2;0;0;0;48;2;251;155;122m▄[38;2;254;192;141;48;2;0;0;0m▄[48;2;254;192;141m [38;2;0;0;0;48;2;254;192;141m▄[48;2;254;192;141m [48;2;221;154;99m [48;2;0;0;0m [38;2;221;154;99;48;2;251;155;122m▄[38;2;251;155;122;48;2;0;0;0m▄[48;2;254;192;141m [48;2;0;0;0m [m
[49;38;2;0;0;0m▀[38;2;0;0;0;48;2;251;155;122m▄[38;2;0;0;0;48;2;221;154;99m▄[49;38;2;0;0;0m▀▀[38;2;0;0;0;48;2;221;154;99m▄[38;2;221;154;99;48;2;254;192;141m▄[48;2;254;192;141m [38;2;254;192;141;48;2;0;0;0m▄▄▄▄▄[48;2;254;192;141m [38;2;221;154;99;48;2;254;192;141m▄[38;2;0;0;0;48;2;221;154;99m▄[49;38;2;0;0;0m▀▀[38;2;0;0;0;48;2;221;154;99m▄[38;2;0;0;0;48;2;251;155;122m▄[49;38;2;0;0;0m▀[m
[49m      [49;38;2;0;0;0m▀[38;2;0;0;0;48;2;221;154;99m▄▄▄▄▄▄▄[49;38;2;0;0;0m▀[49m      [m
